1301
1332
1333
1375
1377
1379
1414
1417
1419
1429
1433
1515
1518
1605
1662
1663
1719
1720
1721
1762
1766
1780
1786
1801
1802
1803
1808
1812
1813
1814
1815
1820
1833
1835
1852
1860
1861
1870
1871
1873
1878
1879
1882
1885
1887
1888
1893
1898
1899
1911
1925
1926
1928
1929
1930
1934
1938
1939
1941
1942
1944
1945
1946
1950
1951
1952
1959
1961
1963
1964
1968
1969
1975
1976
1979
1980
1982
2001
2002
2004
2053
2060
2108
2109
2117
2120
2121
2124
2127
2130
2146
2148
2153
2154
2157
2163
2168
2170
2175
2181
2198
2201
2206
2207
2209
2211
2212
2217
2220
2222
2229
2264
2266
2267
2269
2270
2281
2282
2288
2292
2294
2296
2301
2307
2317
2325
2326
2327
2331
2335
2337
2353
2359
2371
2378
2379
2384
2395
2410
2413
2429
2432
2433
2461
2462
2471
2475
2491
2492
2501
2502
2503
2531
2533
2579
2585
2587
2590
2593
2594
2602
2607
2613
2659
2664
2670
2674
2676
2678
2681
2685
2695
2726
2730
2733
2734
2737
2742
2749
2752
2753
2760
2767
2768
2784
2791
2792
2801
2802
2804
2809
2810
2811
2815
2871
2874
2875
2882
2884
2897
2908
2910
2914
2915
2918
2922
2929
2930
2931
2933
2935
2975
2980
2982
3002
3003
3028
3031
3034
3036
3038
3040
3046
3048
3050
3064
3076
3086
3087
3088
3091
3092
3093
3097
3099
3101
3104
3105
3106
3107
3109
3110
3116
3132
3139
3148
3150
3151
3153
3154
3156
3167
3176
3179
3180
3182
3183
3186
3191
3193
3196
3197
3199
3201
3221
3231
3232
3245
3252
3276
3284
3288
3289
3291
3302
3315
3333
3349
3360
3371
3382
3387
3388
3391
3393
3395
3397
3401
3402
3405
3407
3415
3431
3433
3436
3443
3445
3457
3465
3475
3480
3482
3486
3496
3498
3501
3539
3543
3548
3561
3563
3569
3580
3591
3608
3612
3626
3632
3635
3636
3649
3656
3657
3659
3660
3661
3662
3663
3665
3668
3673
3676
3678
3679
3687
3694
3696
3697
3708
3741
3762
3763
3765
3769
3771
3774
3778
3788
3817
3834
3835
3836
3837
3843
3844
3853
3854
3861
3863
3864
3865
3877
3880
3901
3903
3915
3916
3921
3922
3923
3925
3932
3939
3941
3946
3950
3962
3963
3964
3968
3983
3984
3992
3993
3994
4004
4005
4008
4021
4022
4023
4025
4027
4028
4041
4042
4043
4044
4045
4046
4047
4051
4053
4061
4062
4063
4064
4071
4072
4078
4082
4088
4091
4092
4095
4097
4099
4109
4112
4114
4116
4118
4151
4180
4182
4183
4186
4187
4188
4189
4194
4202
4203
4204
4205
4206
4208
4212
4216
4218
4220
4221
4228
4229
4246
4249
4251
4272
4275
4290
4301
4307
4310
4318
4323
4324
4326
4331
4337
4343
4344
4345
4362
4368
4369
4373
4385
4390
4392
4396
4401
4403
4410
4413
4432
4433
4443
4452
4461
4462
4471
4480
4481
4483
4502
4503
4506
4507
4516
4519
4521
4523
4526
4527
4528
4534
4536
4538
4540
4543
4544
4547
4548
4549
4552
4553
4554
4559
4565
4568
4569
4574
4577
4578
4587
4611
4612
4613
4617
4626
4631
4633
4634
4641
4658
4661
4662
4665
4666
4668
4674
4676
4680
4681
4684
4686
4687
4689
4694
4704
4709
4714
4718
4719
4722
4725
4732
4733
4743
4751
4755
4763
4765
4768
4776
4784
4792
4801
4809
4812
4813
4819
4820
4825
4826
4828
4839
4847
4848
4849
4886
4887
4901
4902
4911
4912
4914
4919
4922
4923
4927
4928
4931
4933
4951
4956
4958
4967
4968
4971
4973
4975
4980
4985
4996
4997
5011
5016
5019
5020
5021
5032
5036
5074
5076
5101
5105
5108
5110
5121
5122
5142
5185
5186
5192
5195
5201
5202
5208
5214
5232
5233
5261
5262
5269
5288
5301
5302
5310
5331
5332
5333
5334
5344
5351
5357
5384
5393
5401
5406
5408
5410
5411
5423
5440
5444
5445
5451
5461
5463
5471
5480
5482
5535
5541
5563
5602
5631
5632
5659
5702
5703
5706
5707
5711
5713
5714
5715
5726
5741
5757
5801
5802
5803
5805
5821
5830
5831
5832
5838
5844
5851
5852
5857
5889
5901
5902
5911
5929
5930
5932
5933
5938
5943
5946
5947
5949
5957
5959
5970
5975
5976
5981
5988
5989
5991
6005
6013
6027
6036
6050
6055
6058
6062
6070
6071
6073
6078
6080
6087
6088
6089
6098
6099
6101
6103
6104
6113
6118
6134
6135
6136
6140
6141
6143
6146
6151
6167
6178
6183
6184
6191
6194
6196
6197
6200
6209
6222
6235
6237
6238
6240
6247
6250
6254
6258
6264
6266
6268
6269
6272
6273
6277
6278
6279
6282
6284
6287
6289
6294
6298
6301
6302
6305
6306
6309
6310
6315
6323
6324
6326
6328
6330
6331
6332
6333
6339
6340
6345
6349
6351
6358
6361
6363
6364
6367
6368
6369
6370
6371
6376
6379
6381
6383
6387
6390
6395
6407
6412
6413
6417
6418
6419
6420
6430
6432
6436
6440
6445
6448
6454
6455
6457
6458
6459
6460
6463
6464
6465
6471
6472
6473
6474
6479
6480
6481
6486
6490
6498
6501
6503
6504
6506
6507
6508
6516
6517
6523
6525
6526
6532
6533
6535
6539
6544
6560
6564
6571
6572
6584
6586
6588
6590
6592
6594
6615
6616
6617
6619
6620
6622
6630
6632
6638
6644
6645
6651
6652
6653
6674
6701
6702
6703
6706
6707
6718
6723
6724
6727
6728
6737
6740
6741
6742
6744
6745
6750
6752
6753
6754
6758
6762
6763
6768
6770
6779
6785
6787
6788
6794
6798
6800
6804
6806
6807
6809
6810
6814
6817
6820
6823
6841
6844
6845
6849
6850
6856
6857
6859
6861
6866
6869
6871
6875
6902
6905
6908
6914
6920
6923
6925
6929
6941
6947
6951
6952
6954
6958
6961
6962
6963
6965
6966
6971
6976
6981
6986
6988
6995
6996
6997
6999
7003
7004
7011
7012
7013
7033
7034
7038
7059
7071
7085
7095
7102
7128
7130
7148
7157
7164
7167
7172
7173
7180
7181
7182
7184
7186
7187
7189
7198
7199
7201
7202
7203
7211
7220
7224
7226
7231
7236
7238
7239
7240
7241
7242
7244
7245
7246
7259
7261
7267
7269
7270
7272
7276
7278
7280
7282
7283
7294
7296
7309
7313
7322
7327
7337
7347
7350
7366
7380
7381
7383
7384
7388
7389
7414
7419
7421
7433
7438
7447
7453
7456
7458
7459
7466
7475
7476
7482
7483
7504
7508
7510
7513
7516
7520
7522
7525
7532
7537
7545
7550
7552
7554
7575
7581
7590
7593
7595
7596
7599
7600
7606
7607
7609
7611
7613
7616
7628
7630
7637
7649
7679
7683
7701
7715
7717
7721
7723
7725
7729
7730
7731
7733
7734
7735
7740
7741
7744
7745
7747
7751
7752
7762
7769
7780
7818
7820
7821
7826
7832
7839
7840
7844
7846
7856
7860
7864
7867
7868
7874
7888
7893
7911
7912
7914
7915
7917
7921
7931
7936
7942
7943
7944
7947
7949
7951
7952
7955
7956
7962
7965
7966
7970
7972
7974
7976
7979
7981
7984
7988
7989
7990
7994
7995
8001
8002
8005
8007
8008
8011
8012
8014
8015
8016
8020
8022
8031
8032
8035
8037
8043
8050
8051
8052
8053
8056
8057
8058
8059
8060
8061
8065
8070
8074
8075
8078
8079
8081
8084
8086
8088
8091
8093
8095
8097
8098
8101
8103
8111
8113
8125
8129
8130
8132
8133
8136
8137
8141
8142
8150
8151
8153
8154
8157
8158
8159
8160
8163
8167
8173
8174
8179
8185
8194
8200
8203
8214
8217
8218
8219
8227
8233
8237
8242
8252
8253
8255
8267
8273
8276
8278
8281
8282
8283
8303
8304
8306
8308
8309
8316
8331
8334
8336
8337
8338
8341
8343
8344
8345
8346
8354
8358
8359
8360
8361
8362
8364
8366
8367
8368
8370
8377
8381
8386
8387
8388
8392
8393
8395
8399
8410
8411
8418
8424
8425
8439
8473
8511
8522
8524
8541
8544
8550
8551
8558
8566
8570
8584
8585
8591
8593
8595
8600
8601
8604
8609
8613
8614
8616
8622
8624
8628
8630
8697
8698
8706
8707
8708
8713
8714
8715
8725
8729
8739
8750
8766
8771
8793
8795
8798
8801
8802
8803
8804
8818
8830
8848
8850
8860
8876
8877
8881
8892
8897
8919
8923
8934
8935
8999
9001
9003
9005
9006
9007
9008
9009
9010
9020
9021
9022
9023
9024
9025
9031
9037
9039
9041
9042
9044
9045
9048
9052
9064
9065
9068
9069
9072
9075
9076
9081
9090
9101
9104
9107
9110
9119
9142
9143
9147
9201
9202
9216
9229
9247
9267
9273
9274
9278
9279
9301
9302
9303
9304
9305
9310
9319
9324
9332
9336
9341
9347
9364
9381
9401
9404
9405
9409
9412
9413
9416
9418
9424
9432
9433
9434
9435
9438
9449
9468
9470
9474
9501
9502
9503
9504
9505
9506
9507
9508
9509
9511
9513
9517
9519
9531
9532
9533
9534
9535
9536
9543
9551
9552
9601
9602
9603
9605
9612
9616
9619
9621
9622
9627
9628
9629
9644
9658
9663
9672
9678
9682
9684
9692
9697
9699
9702
9706
9715
9716
9722
9729
9735
9739
9740
9742
9743
9744
9746
9755
9757
9759
9765
9766
9769
9788
9790
9793
9795
9824
9830
9831
9832
9837
9842
9843
9850
9861
9869
9880
9882
9887
9889
9900
9902
9928
9932
9934
9936
9946
9948
9956
9960
9962
9974
9983
9984
9987
9989
9990
9991
9997
1376
1380
1381
1382
1383
1384
1407
1418
1420
1430
1434
1435
1438
1443
1446
1450
1491
1514
1711
1716
1717
1718
1723
1724
1736
1758
1764
1768
1770
1783
1787
1788
1793
1795
1798
1799
1807
1810
1811
1822
1826
1827
1828
1840
1844
1847
1848
1850
1853
1866
1867
1897
1904
1905
1909
1914
1921
1948
1960
1965
1966
1967
1972
1981
1992
1994
1997
2003
2009
2055
2112
2114
2122
2134
2136
2138
2139
2152
2156
2162
2164
2169
2179
2180
2183
2185
2186
2193
2204
2208
2215
2216
2221
2224
2226
2268
2286
2291
2293
2300
2303
2304
2305
2311
2315
2323
2329
2330
2332
2338
2340
2341
2342
2345
2349
2351
2354
2373
2375
2376
2391
2393
2404
2408
2411
2415
2418
2424
2425
2428
2435
2436
2437
2440
2445
2449
2454
2459
2464
2469
2477
2479
2480
2481
2483
2484
2485
2488
2489
2493
2498
2499
2573
2588
2597
2612
2652
2653
2654
2656
2666
2667
2668
2669
2673
2683
2687
2689
2693
2694
2698
2700
2702
2705
2708
2721
2722
2735
2736
2747
2750
2751
2762
2764
2769
2776
2778
2780
2782
2788
2789
2790
2795
2796
2798
2805
2806
2813
2814
2816
2818
2819
2820
2831
2872
2876
2877
2883
2892
2894
2901
2903
2904
2907
2911
2916
2917
2923
2924
2926
2927
2932
2938
2961
2962
2970
2984
2991
2993
2999
3001
3004
3010
3011
3020
3021
3023
3024
3030
3035
3041
3042
3045
3053
3054
3058
3059
3065
3067
3068
3069
3071
3075
3077
3079
3080
3082
3083
3089
3096
3103
3111
3113
3121
3123
3131
3134
3135
3137
3138
3143
3157
3159
3160
3161
3166
3168
3169
3172
3173
3174
3175
3177
3178
3181
3184
3189
3190
3192
3195
3202
3204
3205
3222
3223
3236
3238
3241
3242
3246
3248
3266
3267
3277
3280
3286
3293
3297
3299
3306
3317
3320
3321
3323
3326
3329
3350
3352
3353
3355
3358
3361
3370
3372
3374
3375
3377
3386
3392
3396
3399
3409
3416
3417
3420
3421
3422
3423
3426
3434
3435
3437
3439
3440
3441
3444
3446
3447
3449
3452
3454
3461
3467
3469
3484
3489
3490
3494
3495
3512
3513
3521
3524
3529
3536
3537
3538
3544
3547
3549
3551
3553
3559
3560
3562
3565
3571
3577
3583
3597
3598
3600
3607
3611
3622
3627
3633
3634
3639
3640
3641
3646
3647
3648
3667
3670
3671
3672
3675
3682
3683
3686
3690
3698
3710
3712
3719
3726
3733
3744
3747
3750
3753
3758
3760
3766
3768
3772
3776
3779
3787
3791
3796
3798
3799
3800
3802
3804
3810
3816
3823
3825
3826
3839
3840
3841
3842
3845
3848
3850
3851
3856
3858
3878
3891
3892
3895
3896
3907
3908
3909
3910
3912
3913
3918
3920
3926
3927
3928
3933
3934
3935
3937
3940
3943
3944
3945
3947
3948
3951
3953
3954
3955
3958
3965
3969
3970
3974
3981
3985
3986
3988
3996
3997
4012
4016
4026
4031
4040
4059
4093
4094
4098
4100
4102
4107
4113
4119
4120
4124
4125
4171
4172
4174
4193
4196
4197
4198
4222
4224
4231
4234
4235
4237
4238
4240
4241
4242
4243
4245
4247
4248
4274
4284
4286
4287
4288
4293
4299
4317
4320
4334
4335
4341
4346
4347
4350
4351
4356
4360
4361
4365
4366
4382
4386
4388
4398
4404
4406
4409
4420
4421
4430
4434
4439
4440
4441
4446
4463
4464
4465
4491
4492
4499
4512
4524
4531
4539
4558
4595
4615
4616
4619
4620
4623
4624
4625
4627
4628
4629
4635
4642
4644
4645
4650
4651
4657
4664
4667
4671
4673
4678
4679
4685
4691
4705
4707
4712
4716
4720
4728
4735
4736
4746
4750
4752
4754
4760
4761
4762
4766
4767
4769
4771
4777
4783
4800
4814
4816
4829
4832
4838
4840
4845
4880
4885
4918
4920
4925
4926
4929
4932
4935
4936
4960
4966
4970
4972
4976
4977
4979
4990
4992
4994
4998
5010
5013
5015
5018
5071
5078
5079
5103
5133
5161
5162
5184
5187
5189
5194
5199
5204
5210
5216
5218
5237
5250
5257
5268
5271
5273
5279
5280
5282
5283
5284
5285
5287
5290
5304
5337
5341
5355
5356
5363
5367
5368
5380
5381
5388
5391
5446
5449
5458
5464
5484
5491
5533
5542
5571
5576
5589
5603
5609
5612
5644
5658
5660
5695
5697
5698
5699
5721
5724
5729
5742
5753
5816
5817
5819
5820
5843
5845
5868
5869
5871
5885
5891
5900
5905
5906
5909
5915
5918
5921
5922
5923
5928
5936
5939
5940
5941
5942
5945
5950
5951
5952
5955
5956
5958
5962
5965
5966
5967
5969
5971
5973
5974
5982
5983
5984
5985
5986
5987
5990
5992
5994
5997
5998
6016
6018
6022
6023
6029
6035
6037
6042
6044
6046
6047
6054
6059
6061
6063
6072
6074
6082
6083
6090
6091
6092
6093
6125
6137
6138
6144
6145
6147
6149
6150
6155
6156
6157
6158
6159
6161
6165
6171
6176
6185
6186
6189
6199
6203
6208
6217
6218
6223
6226
6227
6228
6229
6230
6231
6233
6239
6245
6246
6248
6249
6257
6262
6265
6267
6276
6286
6291
6292
6307
6316
6317
6322
6325
6327
6334
6335
6336
6337
6338
6342
6343
6346
6347
6356
6357
6360
6365
6366
6378
6380
6382
6384
6391
6392
6393
6396
6400
6402
6405
6408
6424
6425
6428
6433
6444
6466
6467
6469
6470
6482
6484
6485
6488
6492
6493
6494
6495
6496
6497
6505
6513
6518
6524
6538
6540
6543
6546
6547
6549
6551
6552
6555
6566
6570
6578
6599
6614
6625
6626
6627
6629
6633
6634
6635
6637
6643
6647
6648
6654
6656
6658
6659
6662
6663
6664
6666
6668
6675
6676
6677
6678
6694
6699
6721
6730
6731
6736
6743
6748
6757
6769
6771
6772
6775
6776
6777
6778
6786
6797
6803
6819
6822
6824
6832
6834
6835
6836
6837
6838
6840
6848
6853
6855
6858
6862
6863
6864
6867
6870
6874
6877
6882
6888
6890
6894
6897
6898
6899
6904
6907
6912
6915
6918
6919
6926
6927
6928
6932
6942
6943
6946
6955
6960
6964
6969
6977
6982
6989
6993
6994
6998
7014
7018
7021
7022
7030
7035
7037
7040
7042
7044
7057
7058
7060
7064
7065
7081
7087
7111
7115
7120
7122
7126
7127
7129
7131
7134
7135
7150
7161
7162
7175
7177
7183
7185
7191
7192
7196
7208
7212
7213
7214
7215
7217
7218
7219
7222
7228
7235
7247
7254
7255
7256
7264
7265
7266
7271
7273
7277
7279
7284
7287
7291
7292
7297
7299
7305
7314
7354
7357
7358
7367
7368
7377
7399
7412
7413
7416
7417
7422
7425
7426
7427
7434
7435
7442
7443
7444
7446
7460
7461
7462
7463
7464
7472
7477
7480
7481
7486
7487
7490
7494
7500
7501
7502
7505
7506
7509
7512
7514
7515
7521
7523
7524
7527
7531
7538
7539
7544
7551
7555
7561
7562
7564
7565
7567
7570
7571
7578
7585
7601
7602
7603
7604
7608
7610
7614
7615
7619
7621
7624
7625
7634
7636
7638
7640
7643
7646
7670
7673
7677
7678
7681
7682
7686
7692
7698
7702
7709
7711
7713
7716
7719
7722
7726
7727
7743
7746
7749
7760
7771
7775
7781
7782
7791
7795
7800
7804
7805
7807
7808
7809
7810
7811
7812
7813
7814
7815
7819
7822
7823
7827
7831
7833
7836
7837
7841
7847
7849
7850
7851
7857
7859
7863
7865
7871
7872
7875
7877
7878
7879
7883
7885
7886
7887
7896
7897
7898
7901
7902
7906
7908
7916
7918
7919
7927
7928
7932
7937
7938
7939
7946
7953
7957
7963
7971
7975
7980
7983
7985
7986
7987
7991
7992
7997
8006
8013
8018
8023
8025
8029
8030
8039
8040
8041
8045
8046
8066
8076
8077
8085
8089
8104
8105
8107
8115
8117
8118
8119
8123
8127
8131
8135
8138
8139
8143
8144
8147
8152
8165
8166
8181
8198
8202
8207
8225
8226
8230
8244
8247
8254
8260
8275
8285
8291
8349
8365
8383
8416
8508
8518
8537
8542
8562
8563
8572
8596
8617
8699
8700
8704
8705
8737
8742
8746
8747
8769
8772
8783
8789
8835
8836
8841
8844
8864
8869
8871
8887
8891
8894
8898
8904
8908
8912
8914
8917
8918
8920
8927
8928
8929
8931
8944
8945
8946
8995
8996
9012
9017
9028
9029
9033
9034
9036
9046
9049
9051
9057
9059
9060
9063
9073
9074
9082
9083
9087
9115
9127
9130
9145
9160
9171
9173
9193
9206
9213
9220
9221
9233
9248
9249
9262
9264
9265
9268
9306
9307
9308
9311
9312
9313
9322
9325
9327
9339
9340
9351
9353
9355
9360
9361
9362
9363
9365
9366
9367
9368
9369
9376
9380
9385
9408
9414
9417
9419
9421
9423
9425
9428
9436
9439
9441
9444
9445
9446
9450
9466
9475
9476
9478
9514
9537
9539
9564
9610
9625
9632
9633
9635
9636
9639
9640
9647
9651
9656
9661
9679
9685
9686
9687
9691
9698
9701
9704
9708
9709
9713
9720
9723
9726
9731
9733
9753
9760
9761
9763
9767
9768
9778
9780
9782
9791
9799
9812
9816
9818
9820
9823
9827
9828
9835
9845
9846
9849
9853
9854
9856
9857
9867
9872
9876
9878
9885
9888
9890
9895
9896
9903
9904
9906
9908
9913
9914
9929
9930
9941
9950
9955
9959
9969
9972
9973
9976
9978
9979
9980
9982
9986
9993
9994
9996
1401
1431
1436
1444
1447
2158
2160
2173
2195
2321
2334
2370
2385
2388
2438
2497
2586
2934
2936
2937
2978
2981
2983
2986
2997
2998
3063
3070
3133
3140
3185
3187
3224
3237
3261
3300
3359
3418
3474
3477
3479
3491
3542
3550
3556
3557
3558
3566
3623
3624
3625
3628
3645
3652
3653
3664
3674
3680
3691
3692
3695
3723
3727
3773
3777
3793
3803
3807
3815
3900
3904
3905
3911
3914
3917
3929
3930
3931
3936
3967
3976
3979
3987
3989
3991
3998
4011
4013
4014
4015
4017
4019
4020
4052
4054
4055
4056
4057
4058
4060
4068
4069
4073
4074
4075
4076
4165
4166
4167
4168
4169
4170
4175
4176
4177
4178
4179
4192
4199
4255
4256
4258
4259
4260
4261
4262
4263
4264
4265
4270
4308
4316
4370
4371
4372
4374
4375
4376
4377
4378
4379
4380
4381
4387
4389
4391
4393
4394
4395
4397
4412
4414
4415
4416
4417
4418
4419
4422
4424
4425
4427
4428
4429
4431
4436
4437
4438
4442
4444
4445
4447
4448
4450
4475
4476
4477
4478
4479
4482
4484
4486
4487
4488
4490
4493
4495
4496
4498
4563
4564
4570
4571
4572
4575
4576
4579
4582
4583
4584
4586
4588
4591
4592
4593
4594
4596
4597
4598
4599
4772
4811
4833
4881
4882
4883
4884
4888
4889
4890
4891
4892
4893
4894
4896
4934
4937
4978
5025
5026
5027
5028
5029
5031
5033
5034
5035
5038
5125
5126
5129
5131
5132
5134
5136
5137
5138
5139
5240
5242
5243
5244
5246
5247
5248
5252
5253
5254
5255
5256
5258
5527
5532
5537
5570
5572
5574
5575
5578
5580
5582
5586
5587
5588
5590
5591
5592
5597
5599
5616
5618
5619
5621
5704
5834
5842
5858
5867
5870
5884
5888
5892
6030
6031
6033
6034
6038
6039
6040
6045
6049
6069
6081
6085
6086
6094
6166
6177
6180
6181
6182
6190
6193
6195
6198
6224
6232
6255
6521
6522
6537
6545
6548
6554
6557
6558
6561
6562
6563
6568
6573
6574
6577
6579
6580
6597
6612
6613
6696
7031
7036
7039
7041
7043
7046
7047
7048
7049
7050
7061
7062
7063
7066
7067
7068
7069
7072
7073
7074
7075
7077
7078
7079
7080
7082
7083
7084
7089
7090
7091
7093
7094
7096
7097
7110
7112
7114
7119
7133
7138
7140
7318
7320
7325
7326
7343
7345
7351
7352
7353
7356
7359
7360
7361
7362
7363
7369
7370
7371
7372
7373
7374
7375
7376
7378
7409
7674
7685
7687
7689
7694
7695
7707
7774
7776
7777
7779
7792
7793
7794
7803
7806
8938
9158
9159
9162
9163
9165
9166
9168
9204
9211
9212
9214
9215
9218
9219
9223
9225
9227
9235
9236
9237
9238
9240
9241
9242
9244
9245
9246
9250
9251
9252
9253
9254
9256
9258
9259
9270
9271
9272
9326
9330
9331
9337
9342
9343
9344
9345
9346
9348
9467
9553
9554
9556
9557
9558
9560
9561
9562
9563
9565
